transcript_id    start      end
1  ENST00000307441.13 38010650 38010783
2   ENST00000374618.7 38010650 38010783
3         BambuTx1265 38010653 38010783
4   ENST00000628825.2 38010655 38010783
5   ENST00000458705.6 38010670 38010783
6   ENST00000432900.7 38010675 38010783
7   ENST00000469037.2 38010686 38010783
8   ENST00000476504.5 38010693 38010783
9   ENST00000478556.1 38010699 38010783
10        BambuTx1265 38012298 38012350
11 ENST00000307441.13 38012298 38012350
12  ENST00000374618.7 38012298 38012350
13  ENST00000432900.7 38012298 38012350
14  ENST00000458705.6 38012298 38012350
15  ENST00000469037.2 38012298 38012350
16  ENST00000476504.5 38012298 38012350
17  ENST00000478556.1 38012298 38012350
18 ENST00000307441.13 38015967 38016045
19        BambuTx1265 38016871 38017015
20 ENST00000307441.13 38016871 38017015
21  ENST00000374618.7 38016871 38017020
22  ENST00000432900.7 38016871 38017015
23  ENST00000458705.6 38016871 38017015
24  ENST00000469037.2 38016871 38017015
25  ENST00000476504.5 38016871 38017015
26  ENST00000628825.2 38016871 38017015
27  ENST00000478556.1 38016875 38017015
28        BambuTx1265 38017291 38017386
29 ENST00000307441.13 38017291 38017386
30  ENST00000374618.7 38017291 38017386
31  ENST00000432900.7 38017291 38017386
32  ENST00000458705.6 38017291 38017386
33  ENST00000469037.2 38017291 38017386
34  ENST00000476504.5 38017291 38017707
35  ENST00000478556.1 38017291 38017386
36  ENST00000628825.2 38017291 38017386
37        BambuTx1265 38034326 38034400
38        BambuTx1265 38054375 38054621
39 ENST00000307441.13 38054375 38060063
40  ENST00000374618.7 38054375 38060063
41  ENST00000432900.7 38054375 38060087
42  ENST00000469037.2 38054375 38054511
43  ENST00000478556.1 38054375 38054538
44  ENST00000458705.6 38054378 38060053
45  ENST00000628825.2 38054378 38056861
46  ENST00000469037.2 38064088 3806508